# version: March 2018
#
# Hard state black hole sample
#
# log_lx refers to 1-10 keV luminosity, log_lr to 5GHz luminosity
# det column: # 1=detection, 0=non-detection, 2=X-ray upper limit
# last column contains (abbreviated) source name and notes; see pdf for more details and references.
#
# log_lx 	log_lr		det	src_nr 	#src_name 
36.5933 29.5416 	1 	1		#1E 1740.7-2942
#
35.9926 30.3636 	1	2		#4U 1543-47
#
37.1239 29.6618 1 3			#Swift J1753.5-0127
37.1553 29.8055 1 3
37.1038 29.5670 1 3
37.0719 29.6314 1 3
37.0531 29.5587 1 3
37.0334 29.6107 1 3
37.0086 29.6243 1 3
36.9717 29.4099 1 3
36.9004 29.3874 1 3
36.8075 29.4713 1 3
37.5024 30.2014 1 3
37.4014 30.0755 1 3
37.2833 29.4914 1 3
37.2068 29.5740 1 3
37.1703 29.6513 1 3
36.9053 29.3874 1 3
# reflare below
34.1206 28.2405 1 3    # reflare
34.1206 27.7973 0 3    # reflare
33.2122 27.8669 1 3    # reflare
33.0212 27.4579 0 3    # reflare
34.6405 28.7875 0 3    # reflare
35.6107 29.0453 1 3    # reflare
35.6646 29.1206 1 3    # reflare
35.4133 28.8222 1 3    # reflare
35.4609 28.8854 1 3    # reflare
35.1239 28.8887 1 3    # reflare
#
30.7513 26.84	1	4	#A0620-00
31.276	26.20	1	4	
#
36.8062 29.017 	1	5	#GRS 1758-258
#
38.0086 31.252 	1	6 	#GS 1354-64
37.8825 31.238 	1	6		
38.1206 31.252  1	6
#
37.1139 30.7760 1 7	#GX 339-4
37.0569 30.7308 1 7
37.0374 30.7566 1 7
36.7701 30.4800 1 7
36.7664 30.5763 1 7
36.7738 30.5250 1 7
36.4393 30.3222 1 7
35.9854 29.9754 1 7
34.7226 29.1959 1 7
34.3118 28.8960 1 7
34.4298 29.2480 1 7
34.4200 29.3222 1 7
37.3979 30.5911 1 7
37.4871 30.6776 1 7
37.6138 30.7348 1 7
37.8591 30.9713 1 7
35.3962 29.7033 1 7
35.2900 29.6618 1 7
36.0043 29.8698 1 7
36.5024 30.0828 1 7
37.0864 30.5051 1 7
37.1072 30.5024 1 7
37.1239 30.5145 1 7
37.1303 30.5328 1 7
36.7024 30.4914 1 7
36.5705 30.4440 1 7
36.3945 30.3560 1 7
36.3444 30.3385 1 7
36.3222 30.2856 1 7
36.1959 30.1004 1 7
36.2253 30.1173 1 7
36.1106 30.0453 1 7
35.9890 29.8169 1 7
35.4698 29.5955 1 7
37.8669 31.0492 1 7
37.8825 31.1703 1 7
36.4502 30.4579 1 7
36.3139 30.2380 1 7
36.2355 30.1206 1 7
36.2279 30.0453 1 7
36.2529 30.1173 1 7
36.3856 30.1399 1 7
36.5263 30.2430 1 7
36.6928 30.2878 1 7
35.5263 29.7202 1 7
35.5224 29.4983 1 7
35.5670 29.6294 1 7
35.9818 29.8814 1 7
36.0719 29.9106 1 7
36.1987 29.9961 1 7
36.0607 29.8887 1 7
35.7846 29.7760 1 7
35.3483 29.6803 1 7
36.4314 30.2577 1 7
36.9079 30.5198 1 7
37.0453 30.5877 1 7
37.2765 30.6803 1 7
37.3424 30.7993 1 7
37.3444 30.7226 1 7
37.4298 30.8710 1 7
37.4683 30.8976 1 7
37.5775 31.0043 1 7
37.6474 31.0864 1 7
37.7084 31.1584 1 7
37.7364 31.2304 1 7
37.7627 31.2175 1 7
37.7752 31.1430 1 7
37.7738 31.1875 1 7
37.7839 31.2095 1 7
37.8176 31.1959 1 7
36.6375 30.4378 1 7
36.5403 30.4048 1 7
36.4346 30.4166 1 7
36.2765 30.4014 1 7
36.1139 30.2878 1 7
36.0086 30.2014 1 7
35.9133 30.0334 1 7
35.8267 29.9175 1 7
35.7910 29.9566 1 7
35.5079 29.6866 1 7
35.3324 29.6981 1 7
34.6053 29.4183 1 7
34.2742 29.4082 1 7
35.1004 29.3483 1 7
33.8837 28.5955 0 7
33.4871 28.5159 0 7
33.3784 28.5955 0 7
33.4698 28.5490 0 7
#
33.4314 28.6637 1 8	#H1743-322
34.2304 29.0492 1 8
34.2304 28.9325 1 8
34.5682 29.3096 1 8
34.8388 29.1790 1 8
34.9666 29.1004 1 8
35.1614 29.1399 1 8
35.3284 29.1790 1 8
35.5276 29.3096 1 8
36.1139 29.2648 1 8
36.1732 29.1614 1 8
36.2405 29.6191 1 8
36.4969 29.5670 1 8
36.5391 29.5877 1 8
36.5717 29.4713 1 8
36.6325 29.3444 1 8
36.6503 29.4997 1 8
36.7701 29.4314 1 8
36.7825 29.5340 1 8
36.7931 29.5563 1 8
36.8109 29.5911 1 8
36.8669 29.7917 1 8
36.9165 29.7917 1 8
36.9243 29.4624 1 8
37.1106 30.0607 1 8
37.1492 30.2227 1 8
37.1644 30.2041 1 8
37.1703 30.1959 1 8
37.2253 30.1703 1 8
37.3096 30.2553 1 8
37.3243 30.4786 1 8
37.4914 30.6284 1 8
37.7642 31.0492 1 8
37.8241 31.1072 1 8
37.8842 31.1584 1 8
32.5132 28.4200 0 8
32.8287 28.5966 0 8
#
36.8768 29.238 	1	9	 #GRO J0422+32
36.7520 29.3838 1	9
30.6812 26.7993 0	9
#
35.3032 29.4298 1 10	#XTE J1118+108
35.3385 29.4031 1 10
35.4014 29.3945 1 10
35.4232 29.1399 1 10
35.4579 29.2095 1 10
35.4713 29.4393 1 10
35.5353 29.4216 1 10
35.5705 29.3766 1 10
35.6053 29.3766 1 10
35.6053 29.2095 1 10
35.5051 29.4082 1 10
30.6274 25.9217 1 10
35.3298 29.3301 1 10
35.3378 29.1265 1 10
35.2667 29.0273 1 10
35.0387 28.9640 1 10
34.865 28.76560 1 10
34.6852 28.6505 1 10
34.4001 28.4982 1 10
34.1954 28.4309 1 10
33.9162 28.2228 1 10
30.2553 26.3979 0 10
#
36.7649 29.5729 	1	11	 #XTE J1550-564
33.882 27.69640 	0	11
#
36.9886 28.8663 1	12	 #XTE J1650-40
37.0128 29.3096 1	12
36.2148 28.6702 1	12
36.0253 28.4624 1	12
#
35.4298 29.0645	1	13	 #XTE J1655-50
35.4298 29.1847 1	13
35.7404 29.2175 1	13
35.9694 29.1987 1	13
36.1703 29.1004 1	13
35.1139 29.0934 1	13
35.8779 28.8299 1	13
32.1492 27.2577 0	13
#
37.5775 30.7067 1	14	#IGR J17091-3624
37.7372 30.8089 1	14
#
36.0043 29.1173 1	15 	#IGR J17177-3656
#
36.5775 29.0253 1	16 	#XTE J1720-318
36.7101 29.1931 1	16
#
37.4886 30.2201 1 17		#XTE J1752-223
37.4814 30.1367 1 17
37.4955 30.1492 1 17
37.4843 30.1584 1 17
37.8745 31.1732 1 17
36.968 30.35029 1 17
37.0719 30.2695 1 17
37.0569 30.2648 1 17
37.0899 30.1173 1 17
37.0414 30.2227 1 17
37.0212 30.1399 1 17
36.8639 29.7903 1 17
36.8445 29.7917 1 17
36.8267 29.7543 1 17
36.6749 29.8663 1 17
36.6542 29.9149 1 17
36.6294 29.8899 1 17
36.1106 29.2856 1 17
36.0934 29.1139 1 17
36.238 29.08640 1 17
36.3243 29.0253 1 17
36.8445 29.4900 1 17
36.8445 29.0492 1 17
36.1271 28.8675 1 17
36.2601 28.9430 1 17
33.6138 28.4200 1 17
36.6821 29.2068 1 17
36.6170 29.0086 1 17
32.6493 28.5453 0 17
31.8189 28.7292 0 17
31.9638 28.5185 0 17
#
37.2625 30.2695 1 	18	 # MAXI J1659-152
37.5635 30.5775 1	18
34.8014 28.4871 1	18
35.0294 28.5694 1	18
34.6464 28.5866 1	18
33.1206 27.9004 0 	18
31.5353 27.8082 0	18
#
32.5682 27.9788 1 19 	#V404 Cyg
33.6506 28.4374 1 19 
33.2630 28.0969 1 19 
33.3894 28.2932 1 19 
33.3709 28.3875 1 19 
33.6751 28.4374 1 19 
33.9137 28.4907 1 19
32.446 28.053 1 19 
33.965 28.811 1 19
34.892 29.431 1 19
35.076 29.548 1 19
35.161 29.638 1 19
35.697 29.760 1 19
35.730 29.765 1 19
35.787 29.790 1 19
35.834 29.769 1 19
35.859 29.848 1 19
35.980 29.915 1 19
36.199 30.061 1 19
36.253 29.960 1 19
36.418 30.025 1 19
36.582 30.246 1 19
36.639 30.238 1 19
36.672 30.253 1 19
36.765 30.436 1 19
36.847 30.568 1 19
36.884 30.418 1 19
36.910 30.477 1 19
32.568 28.196 1 19
#
30.3802 27.3424 0	20	#GS 2000+25
#
36.8639 29.1399 0 	21	#IGR J17497-2821
#
30.5911 28.1761 0	22	 #XTE J1859+226
#
32.0792 28.6435 0 	23	#V4641Sgr
#
30.3979 26.1492 1 	24	#MWC 656 
#
31.4609 26.9912 0 	25 	#Swift J1357.2-0933
36.0645 28.7634 1	25
#
36.6170 30.6365 1 	26	# MAXI J1836-194 
36.4857 30.4997 1 	26
36.4330 30.2833 1 	26
36.2878 30.1599 1 	26
36.1038 29.7597 1 	26
36.0086 29.5105 1 	26
35.8463 29.0986 1 	26
35.5988 28.8543 1 	26
#reflare
35.9912 29.3892 1 	26  #reflare   
34.5079 28.4579 0 	26  #reflare    
33.2068 28.4579 0 	26  #reflare
#
36.74523 29.09858 1	27	# GRS 1716-249 
#
36.203 29.1787 	1	28  #XTE J1908+094
35.39 28.6285 	1	28
35.2194 28.6285 0	28
32.3443 28.3843 0	28
37.0483 29.5093 1 	28
37.2573 29.8380 1 	28
37.3535 29.7777 1 	28
35.8226 28.5827 1 	28		
#
36.30000 29.20	1 	29	#Swift J1745-26 
37.14613 29.45	1	29
#
37.78284 29.16685 1 	30	#MAXI J1543-564 
#
31.85886 28.43136 0 	31  #H1705-250 
#
33.67669 27.56962 1 	32	#47 Tuc X9 
#
32.29667 27.71775 1	    33 	#M62-VLA1, X-ray limit 
#
30.64345 27.5417  2 	34	#M22-VLA1, X-ray limit
#
30.64345 27.52838 2 	35	#M22-VLA2, X-ray limit
#
29.57295 28.04922 2 	36	#VLA J213002.08+120904, X-ray limit 
#
